   Time (s)  Acceleration (g)
    .010      .2982560E-03
    .020      .3079675E-03
    .030      .3176314E-03
    .040      .3271823E-03
    .050      .3372597E-03
    .060      .3510795E-03
    .070      .3679253E-03
    .080      .3820216E-03
    .090      .3940617E-03
    .100      .4075584E-03
    .110      .4222806E-03
    .120      .4370655E-03
    .130      .4520132E-03
    .140      .4666636E-03
    .150      .4812179E-03
    .160      .4745158E-03
    .170      .4314422E-03
    .180      .4924406E-03
    .190      .5957618E-03
    .200      .6613338E-03
    .210      .6863352E-03
    .220      .6892051E-03
    .230      .6413036E-03
    .240      .6179296E-03
    .250      .6381061E-03
    .260      .6606722E-03
    .270      .6518718E-03
    .280      .5153787E-03
    .290      .3156737E-03
    .300      .2508123E-03
    .310      .2792838E-03
    .320      .4209035E-03
    .330      .6975887E-03
    .340      .8361835E-03
    .350      .7284178E-03
    .360      .2851066E-03
    .370     -.4625512E-03
    .380     -.8363652E-03
    .390     -.7934699E-04
    .400      .1375427E-02
    .410      .2464509E-02
    .420      .2364258E-02
    .430      .1596894E-02
    .440      .1259723E-02
    .450      .1254114E-02
    .460      .1803252E-02
    .470      .2662421E-02
    .480      .2976057E-02
    .490      .2461611E-02
    .500      .1666603E-02
    .510      .5852581E-03
    .520     -.5981583E-03
    .530     -.7918103E-03
    .540      .6399845E-05
    .550      .1136724E-02
    .560      .1791853E-02
    .570      .1086367E-02
    .580     -.8398307E-03
    .590     -.2052504E-02
    .600     -.1726546E-02
    .610      .8910750E-04
    .620      .3466025E-02
    .630      .6835754E-02
    .640      .8573410E-02
    .650      .8783756E-02
    .660      .6819310E-02
    .670      .3417646E-02
    .680     -.7720243E-03
    .690     -.7776164E-02
    .700     -.1145069E-01
    .710     -.8130582E-02
    .720     -.2436628E-02
    .730      .2514735E-03
    .740      .1601267E-02
    .750      .3232019E-02
    .760      .3544118E-02
    .770      .5955917E-03
    .780     -.5639949E-02
    .790     -.9073306E-02
    .800     -.6210782E-02
    .810      .7545150E-03
    .820      .5596121E-02
    .830      .6346269E-02
    .840      .4547216E-02
    .850      .4087862E-02
    .860      .7413395E-02
    .870      .1215428E-01
    .880      .1581408E-01
    .890      .1712072E-01
    .900      .1467268E-01
    .910      .8448689E-02
    .920     -.1690699E-02
    .930     -.1478978E-01
    .940     -.2566474E-01
    .950     -.2426820E-01
    .960     -.7353713E-02
    .970      .1244819E-01
    .980      .1875127E-01
    .990      .5505237E-02
   1.000     -.1409916E-01
   1.010     -.2644523E-01
   1.020     -.2003155E-01
   1.030      .8141728E-03
   1.040      .2016523E-01
   1.050      .2744777E-01
   1.060      .2697896E-01
   1.070      .2538259E-01
   1.080      .1950116E-01
   1.090      .9750858E-02
   1.100      .3397088E-02
   1.110      .3277431E-02
   1.120      .6319553E-02
   1.130      .5681661E-02
   1.140     -.8904353E-03
   1.150     -.7709505E-02
   1.160     -.7852966E-02
   1.170     -.3394171E-02
   1.180     -.1872796E-03
   1.190     -.3177902E-03
   1.200     -.4026931E-02
   1.210     -.1068570E-01
   1.220     -.2092022E-01
   1.230     -.2923981E-01
   1.240     -.3296618E-01
   1.250     -.3219625E-01
   1.260     -.2353128E-01
   1.270     -.6945085E-02
   1.280      .8369309E-02
   1.290      .1168551E-01
   1.300      .4866984E-02
   1.310     -.2765373E-02
   1.320     -.4260684E-02
   1.330      .7594921E-02
   1.340      .2765303E-01
   1.350      .3352754E-01
   1.360      .2525608E-01
   1.370      .1700772E-01
   1.380      .1467495E-01
   1.390      .1575182E-01
   1.400      .1671841E-01
   1.410      .1441221E-01
   1.420      .6316060E-02
   1.430     -.2279574E-02
   1.440     -.5113198E-02
   1.450     -.5467174E-02
   1.460     -.7148872E-02
   1.470     -.1031317E-01
   1.480     -.1439386E-01
   1.490     -.1691630E-01
   1.500     -.1382801E-01
   1.510     -.5287632E-02
   1.520      .7430233E-03
   1.530      .1009572E-02
   1.540      .4472372E-03
   1.550      .3860910E-02
   1.560      .1293590E-01
   1.570      .2379885E-01
   1.580      .3012323E-01
   1.590      .2771197E-01
   1.600      .1955861E-01
   1.610      .1346096E-01
   1.620      .7744649E-02
   1.630     -.4839559E-02
   1.640     -.1766016E-01
   1.650     -.2264223E-01
   1.660     -.2233301E-01
   1.670     -.1939209E-01
   1.680     -.1678644E-01
   1.690     -.1342025E-01
   1.700     -.8246070E-02
   1.710     -.4235158E-02
   1.720     -.5058293E-02
   1.730     -.1207316E-01
   1.740     -.2159124E-01
   1.750     -.2320953E-01
   1.760     -.1952342E-01
   1.770     -.1717432E-01
   1.780     -.1197081E-01
   1.790     -.1179045E-02
   1.800      .8275666E-02
   1.810      .1763556E-01
   1.820      .2682603E-01
   1.830      .3039571E-01
   1.840      .2799759E-01
   1.850      .2410939E-01
   1.860      .2095610E-01
   1.870      .2046001E-01
   1.880      .2189052E-01
   1.890      .2297693E-01
   1.900      .2061427E-01
   1.910      .1006970E-01
   1.920     -.1978667E-03
   1.930     -.3760481E-02
   1.940     -.7750269E-02
   1.950     -.1326226E-01
   1.960     -.1693741E-01
   1.970     -.1712634E-01
   1.980     -.1353329E-01
   1.990     -.1010374E-01
   2.000     -.7405710E-02
   2.010     -.3235027E-02
   2.020      .3439525E-02
   2.030      .1174999E-01
   2.040      .1626270E-01
   2.050      .1700642E-01
   2.060      .1619781E-01
   2.070      .1405113E-01
   2.080      .1246992E-01
   2.090      .9584472E-02
   2.100      .4392733E-02
   2.110     -.2223808E-03
   2.120     -.4096695E-02
   2.130     -.7540457E-02
   2.140     -.9716000E-02
   2.150     -.1085838E-01
   2.160     -.1208182E-01
   2.170     -.1398629E-01
   2.180     -.1987643E-01
   2.190     -.2831788E-01
   2.200     -.3308133E-01
   2.210     -.3092411E-01
   2.220     -.2077130E-01
   2.230     -.5327351E-02
   2.240      .4418768E-02
   2.250      .5854939E-02
   2.260      .2700107E-02
   2.270     -.1655838E-02
   2.280     -.4876315E-02
   2.290     -.8596667E-02
   2.300     -.1157332E-01
   2.310     -.1076072E-01
   2.320     -.3358985E-02
   2.330      .1625124E-01
   2.340      .3153478E-01
   2.350      .3224997E-01
   2.360      .2677074E-01
   2.370      .2068964E-01
   2.380      .1481923E-01
   2.390      .1047311E-01
   2.400      .5136479E-02
   2.410     -.3892810E-02
   2.420     -.1365733E-01
   2.430     -.1825794E-01
   2.440     -.1681562E-01
   2.450     -.9649727E-02
   2.460     -.2283259E-02
   2.470      .8243877E-03
   2.480     -.6408638E-03
   2.490     -.3817399E-02
   2.500     -.4855651E-02
   2.510     -.4630228E-03
   2.520      .6470794E-02
   2.530      .1062829E-01
   2.540      .1242892E-01
   2.550      .1413455E-01
   2.560      .1731467E-01
   2.570      .1364022E-01
   2.580      .3235904E-02
   2.590     -.1996761E-02
   2.600     -.6471868E-02
   2.610     -.2264703E-01
   2.620     -.4447139E-01
   2.630     -.6432476E-01
   2.640     -.8138338E-01
   2.650     -.8559828E-01
   2.660     -.7313438E-01
   2.670     -.4360293E-01
   2.680     -.9729376E-02
   2.690      .2004516E-01
   2.700      .3328623E-01
   2.710      .2804226E-01
   2.720      .1978698E-01
   2.730      .1144158E-01
   2.740      .2744078E-02
   2.750      .1558097E-02
   2.760      .7582228E-02
   2.770      .1241033E-01
   2.780      .1175179E-01
   2.790      .9047145E-02
   2.800      .1151463E-01
   2.810      .1948904E-01
   2.820      .2592982E-01
   2.830      .2634775E-01
   2.840      .2232913E-01
   2.850      .1417766E-01
   2.860      .7368797E-02
   2.870      .7116095E-02
   2.880      .1060618E-01
   2.890      .9905119E-02
   2.900     -.1678788E-02
   2.910     -.1143532E-01
   2.920     -.1084346E-01
   2.930     -.7908699E-02
   2.940     -.9500722E-02
   2.950     -.2398514E-01
   2.960     -.4609585E-01
   2.970     -.5994915E-01
   2.980     -.5812655E-01
   2.990     -.5349059E-01
   3.000     -.5305768E-01
   3.010     -.5320375E-01
   3.020     -.5150190E-01
   3.030     -.3444274E-01
   3.040      .3612972E-02
   3.050      .4478761E-01
   3.060      .8305390E-01
   3.070      .1229663E+00
   3.080      .1522293E+00
   3.090      .1545133E+00
   3.100      .1452539E+00
   3.110      .1231890E+00
   3.120      .8450701E-01
   3.130      .4377189E-01
   3.140      .8479892E-02
   3.150     -.9221532E-02
   3.160     -.3768808E-02
   3.170      .2152876E-01
   3.180      .5544688E-01
   3.190      .8696943E-01
   3.200      .1049673E+00
   3.210      .9922886E-01
   3.220      .7975269E-01
   3.230      .5941382E-01
   3.240      .4342445E-01
   3.250      .2825345E-01
   3.260      .1518027E-01
   3.270      .6109321E-02
   3.280      .7888277E-03
   3.290      .2632542E-02
   3.300      .1303837E-01
   3.310      .1811493E-01
   3.320      .1005058E-01
   3.330     -.1519067E-01
   3.340     -.6573089E-01
   3.350     -.1269877E+00
   3.360     -.1849884E+00
   3.370     -.2081874E+00
   3.380     -.1941123E+00
   3.390     -.1801361E+00
   3.400     -.1524465E+00
   3.410     -.8378829E-01
   3.420     -.2293782E-02
   3.430      .6429140E-01
   3.440      .1148117E+00
   3.450      .1354374E+00
   3.460      .1043093E+00
   3.470      .7762007E-01
   3.480      .9172829E-01
   3.490      .8624415E-01
   3.500      .1711958E-01
   3.510     -.8353517E-01
   3.520     -.1823793E+00
   3.530     -.2613958E+00
   3.540     -.2551561E+00
   3.550     -.2085031E+00
   3.560     -.1042013E+00
   3.570      .3824998E-01
   3.580      .1045778E+00
   3.590      .1762041E+00
   3.600      .3384004E+00
   3.610      .3763519E+00
   3.620      .3082542E+00
   3.630      .2662089E+00
   3.640      .2931474E+00
   3.650      .3423425E+00
   3.660      .3259064E+00
   3.670      .2388211E+00
   3.680      .1424543E+00
   3.690      .6475497E-01
   3.700      .2636355E-01
   3.710     -.1321161E-02
   3.720     -.4531656E-01
   3.730     -.6413955E-01
   3.740     -.6474996E-01
   3.750     -.1200933E+00
   3.760     -.2122532E+00
   3.770     -.2937887E+00
   3.780     -.3681204E+00
   3.790     -.4435439E+00
   3.800     -.4879644E+00
   3.810     -.4868440E+00
   3.820     -.4774871E+00
   3.830     -.4464394E+00
   3.840     -.3342079E+00
   3.850     -.1845877E+00
   3.860     -.7268016E-01
   3.870     -.4682063E-01
   3.880     -.6078665E-01
   3.890     -.6886030E-01
   3.900     -.7177105E-01
   3.910     -.7623849E-01
   3.920     -.7828187E-01
   3.930     -.7319834E-01
   3.940     -.5617848E-01
   3.950     -.3047153E-01
   3.960     -.1563564E-01
   3.970     -.2544466E-01
   3.980     -.5142421E-01
   3.990     -.6489515E-01
   4.000     -.5757228E-01
   4.010     -.2132927E-01
   4.020      .3848115E-01
   4.030      .9895969E-01
   4.040      .1558517E+00
   4.050      .2130823E+00
   4.060      .2615928E+00
   4.070      .2850806E+00
   4.080      .2842001E+00
   4.090      .2779263E+00
   4.100      .2748881E+00
   4.110      .2537365E+00
   4.120      .2037760E+00
   4.130      .1522472E+00
   4.140      .1361800E+00
   4.150      .1519339E+00
   4.160      .1900169E+00
   4.170      .2263899E+00
   4.180      .2393855E+00
   4.190      .2440674E+00
   4.200      .2406845E+00
   4.210      .1979895E+00
   4.220      .1304863E+00
   4.230      .6987050E-01
   4.240      .3730857E-01
   4.250      .2481816E-01
   4.260     -.3100782E-02
   4.270     -.7278370E-01
   4.280     -.1562456E+00
   4.290     -.2334952E+00
   4.300     -.3092658E+00
   4.310     -.3838934E+00
   4.320     -.4261090E+00
   4.330     -.4262219E+00
   4.340     -.4132413E+00
   4.350     -.4007542E+00
   4.360     -.3944041E+00
   4.370     -.3915251E+00
   4.380     -.3884522E+00
   4.390     -.3873215E+00
   4.400     -.3901817E+00
   4.410     -.3962216E+00
   4.420     -.4008519E+00
   4.430     -.3944081E+00
   4.440     -.3589605E+00
   4.450     -.3044555E+00
   4.460     -.2569923E+00
   4.470     -.2235661E+00
   4.480     -.1853987E+00
   4.490     -.1199956E+00
   4.500     -.2504817E-01
   4.510      .6946285E-01
   4.520      .1595253E+00
   4.530      .2494666E+00
   4.540      .3185405E+00
   4.550      .3712187E+00
   4.560      .4064547E+00
   4.570      .4017689E+00
   4.580      .3901496E+00
   4.590      .3907973E+00
   4.600      .3905573E+00
   4.610      .3805837E+00
   4.620      .3855424E+00
   4.630      .4161587E+00
   4.640      .4095407E+00
   4.650      .3512888E+00
   4.660      .2903826E+00
   4.670      .2434554E+00
   4.680      .2037344E+00
   4.690      .1711174E+00
   4.700      .1657632E+00
   4.710      .1758140E+00
   4.720      .1790376E+00
   4.730      .1748899E+00
   4.740      .1709665E+00
   4.750      .1707707E+00
   4.760      .1632358E+00
   4.770      .1318725E+00
   4.780      .9158746E-01
   4.790      .5481989E-01
   4.800      .2005744E-01
   4.810     -.1333854E-01
   4.820     -.3327032E-01
   4.830     -.3377616E-01
   4.840     -.3170265E-01
   4.850     -.3495971E-01
   4.860     -.5673221E-01
   4.870     -.1124755E+00
   4.880     -.1781950E+00
   4.890     -.2388128E+00
   4.900     -.2984785E+00
   4.910     -.3595191E+00
   4.920     -.4140168E+00
   4.930     -.4369386E+00
   4.940     -.4364884E+00
   4.950     -.4359612E+00
   4.960     -.4354017E+00
   4.970     -.4216528E+00
   4.980     -.3344451E+00
   4.990     -.1927423E+00
   5.000     -.7268269E-01
   5.010     -.3156012E-01
   5.020     -.1604572E-01
   5.030      .9411461E-02
   5.040      .2114749E-01
   5.050      .1895241E-01
   5.060      .1309138E-01
   5.070      .7329527E-02
   5.080      .1607638E-01
   5.090      .5905360E-01
   5.100      .1435334E+00
   5.110      .2342400E+00
   5.120      .3061953E+00
   5.130      .3660212E+00
   5.140      .4184551E+00
   5.150      .4387314E+00
   5.160      .4363576E+00
   5.170      .4300237E+00
   5.180      .4169299E+00
   5.190      .3935278E+00
   5.200      .3609643E+00
   5.210      .3297239E+00
   5.220      .3086812E+00
   5.230      .2858912E+00
   5.240      .2482193E+00
   5.250      .1789786E+00
   5.260      .9746698E-01
   5.270      .5588939E-01
   5.280      .5313914E-01
   5.290      .4552293E-01
   5.300      .2744482E-01
   5.310      .8283420E-02
   5.320     -.1247460E-01
   5.330     -.5575221E-01
   5.340     -.1184884E+00
   5.350     -.1804384E+00
   5.360     -.2345267E+00
   5.370     -.2602188E+00
   5.380     -.2617120E+00
   5.390     -.2617089E+00
   5.400     -.2163372E+00
   5.410     -.1369886E+00
   5.420     -.1253569E+00
   5.430     -.1498851E+00
   5.440     -.1845499E+00
   5.450     -.2223987E+00
   5.460     -.2456797E+00
   5.470     -.2647981E+00
   5.480     -.2916747E+00
   5.490     -.3165134E+00
   5.500     -.3304060E+00
   5.510     -.3378776E+00
   5.520     -.3395965E+00
   5.530     -.3350179E+00
   5.540     -.3267147E+00
   5.550     -.3147005E+00
   5.560     -.2985124E+00
   5.570     -.2597834E+00
   5.580     -.1828866E+00
   5.590     -.1252258E+00
   5.600     -.1061333E+00
   5.610     -.6854101E-01
   5.620     -.4485717E-02
   5.630      .5809715E-01
   5.640      .1159099E+00
   5.650      .1749334E+00
   5.660      .2328802E+00
   5.670      .2630853E+00
   5.680      .2551259E+00
   5.690      .2374106E+00
   5.700      .2373921E+00
   5.710      .2528676E+00
   5.720      .2650422E+00
   5.730      .2727976E+00
   5.740      .2710920E+00
   5.750      .2568000E+00
   5.760      .2325950E+00
   5.770      .2041347E+00
   5.780      .1767302E+00
   5.790      .1439927E+00
   5.800      .1114682E+00
   5.810      .9209419E-01
   5.820      .9073956E-01
   5.830      .9381614E-01
   5.840      .9937369E-01
   5.850      .1162151E+00
   5.860      .1303544E+00
   5.870      .1305019E+00
   5.880      .1182688E+00
   5.890      .9847090E-01
   5.900      .7638034E-01
   5.910      .5480782E-01
   5.920      .1890485E-01
   5.930     -.2880780E-01
   5.940     -.4598084E-01
   5.950     -.5547344E-01
   5.960     -.9953696E-01
   5.970     -.1472609E+00
   5.980     -.1570240E+00
   5.990     -.1525326E+00
   6.000     -.1484191E+00
   6.010     -.1429540E+00
   6.020     -.1378698E+00
   6.030     -.1380319E+00
   6.040     -.1500556E+00
   6.050     -.1724157E+00
   6.060     -.1940847E+00
   6.070     -.2048849E+00
   6.080     -.2094631E+00
   6.090     -.2039073E+00
   6.100     -.1808134E+00
   6.110     -.1543625E+00
   6.120     -.1300692E+00
   6.130     -.1111500E+00
   6.140     -.1067763E+00
   6.150     -.1086536E+00
   6.160     -.1054448E+00
   6.170     -.9304592E-01
   6.180     -.5198816E-01
   6.190      .8919511E-02
   6.200      .6782902E-01
   6.210      .1231550E+00
   6.220      .1679760E+00
   6.230      .1895320E+00
   6.240      .1971454E+00
   6.250      .2006496E+00
   6.260      .1870240E+00
   6.270      .1301243E+00
   6.280      .5906752E-01
   6.290      .2697420E-01
   6.300      .2857046E-01
   6.310      .3238418E-01
   6.320      .3442236E-01
   6.330      .3804209E-01
   6.340      .3860482E-01
   6.350      .3422551E-01
   6.360      .2993897E-01
   6.370      .2947614E-01
   6.380      .3455242E-01
   6.390      .4913486E-01
   6.400      .6922980E-01
   6.410      .5701772E-01
   6.420      .1350788E-01
   6.430     -.3013333E-01
   6.440     -.6702090E-01
   6.450     -.9178016E-01
   6.460     -.1083535E+00
   6.470     -.1208110E+00
   6.480     -.1190536E+00
   6.490     -.1175946E+00
   6.500     -.1257400E+00
   6.510     -.1326218E+00
   6.520     -.1395598E+00
   6.530     -.1372361E+00
   6.540     -.1081699E+00
   6.550     -.7091827E-01
   6.560     -.3842717E-01
   6.570     -.9217830E-02
   6.580      .6392576E-02
   6.590      .1403480E-01
   6.600      .3302575E-01
   6.610      .5771159E-01
   6.620      .8080000E-01
   6.630      .1015352E+00
   6.640      .1114259E+00
   6.650      .1136907E+00
   6.660      .1199810E+00
   6.670      .1344940E+00
   6.680      .1564281E+00
   6.690      .1790468E+00
   6.700      .1913193E+00
   6.710      .1947920E+00
   6.720      .1964085E+00
   6.730      .1966685E+00
   6.740      .1931478E+00
   6.750      .1802321E+00
   6.760      .1600055E+00
   6.770      .1450087E+00
   6.780      .1469176E+00
   6.790      .1597617E+00
   6.800      .1704804E+00
   6.810      .1728065E+00
   6.820      .1675463E+00
   6.830      .1575801E+00
   6.840      .1421147E+00
   6.850      .1204881E+00
   6.860      .8752048E-01
   6.870      .1613502E-01
   6.880     -.6002747E-01
   6.890     -.9055449E-01
   6.900     -.9908037E-01
   6.910     -.1077201E+00
   6.920     -.9790980E-01
   6.930     -.7430626E-01
   6.940     -.6054722E-01
   6.950     -.6292836E-01
   6.960     -.8116239E-01
   6.970     -.1099361E+00
   6.980     -.1398342E+00
   6.990     -.1690159E+00
   7.000     -.1971067E+00
   7.010     -.2221256E+00
   7.020     -.2170791E+00
   7.030     -.1494723E+00
   7.040     -.5487407E-01
   7.050      .6213567E-02
   7.060      .7520790E-02
   7.070     -.5207044E-01
   7.080     -.1621959E+00
   7.090     -.2474679E+00
   7.100     -.2558593E+00
   7.110     -.2427519E+00
   7.120     -.2400483E+00
   7.130     -.2339220E+00
   7.140     -.2217720E+00
   7.150     -.1956639E+00
   7.160     -.1337354E+00
   7.170     -.5930563E-01
   7.180      .6187234E-02
   7.190      .4404039E-01
   7.200      .5486262E-01
   7.210      .5766728E-01
   7.220      .5568445E-01
   7.230      .3192406E-01
   7.240     -.1909640E-01
   7.250     -.6651706E-01
   7.260     -.8014289E-01
   7.270     -.7576012E-01
   7.280     -.4714919E-01
   7.290      .2389683E-01
   7.300      .1052570E+00
   7.310      .1797716E+00
   7.320      .2457735E+00
   7.330      .2782359E+00
   7.340      .2804148E+00
   7.350      .2609069E+00
   7.360      .2296857E+00
   7.370      .1999162E+00
   7.380      .1718656E+00
   7.390      .1602436E+00
   7.400      .1790557E+00
   7.410      .1625201E+00
   7.420      .9515778E-01
   7.430      .2427151E-01
   7.440     -.3650732E-01
   7.450     -.7489544E-01
   7.460     -.8134432E-01
   7.470     -.8124902E-01
   7.480     -.5676949E-01
   7.490      .1866983E-01
   7.500      .4276778E-01
   7.510      .1614954E-01
   7.520     -.1750811E-01
   7.530     -.4148733E-01
   7.540     -.5987731E-01
   7.550     -.7921402E-01
   7.560     -.1018940E+00
   7.570     -.1236271E+00
   7.580     -.1331773E+00
   7.590     -.1333645E+00
   7.600     -.1307842E+00
   7.610     -.1284312E+00
   7.620     -.1288086E+00
   7.630     -.1417947E+00
   7.640     -.1791167E+00
   7.650     -.2016872E+00
   7.660     -.2035106E+00
   7.670     -.2024963E+00
   7.680     -.2002091E+00
   7.690     -.1901871E+00
   7.700     -.1715163E+00
   7.710     -.1484318E+00
   7.720     -.1269304E+00
   7.730     -.1067675E+00
   7.740     -.6363757E-01
   7.750     -.6000543E-02
   7.760      .2417463E-01
   7.770      .3152607E-01
   7.780      .3557346E-01
   7.790      .3537002E-01
   7.800      .3211341E-01
   7.810      .1030498E-01
   7.820     -.6684087E-01
   7.830     -.1252661E+00
   7.840     -.1116106E+00
   7.850     -.3744821E-01
   7.860      .1339608E-01
   7.870      .2212795E-01
   7.880      .3362865E-01
   7.890      .5558184E-01
   7.900      .7940429E-01
   7.910      .1024575E+00
   7.920      .1230183E+00
   7.930      .1370177E+00
   7.940      .1412031E+00
   7.950      .1401658E+00
   7.960      .1328468E+00
   7.970      .9105020E-01
   7.980      .2223344E-01
   7.990     -.4490114E-01
   8.000     -.1036315E+00
   8.010     -.1363001E+00
   8.020     -.1425806E+00
   8.030     -.1424569E+00
   8.040     -.1407389E+00
   8.050     -.1031326E+00
   8.060     -.2354373E-01
   8.070      .4982856E-01
   8.080      .7282714E-01
   8.090      .6486311E-01
   8.100      .5415951E-01
   8.110      .3740234E-01
   8.120      .5325128E-02
   8.130     -.3250079E-01
   8.140     -.4321539E-01
   8.150     -.1394584E-02
   8.160      .9775063E-01
   8.170      .1529618E+00
   8.180      .1302528E+00
   8.190      .9097565E-01
   8.200      .7155618E-01
   8.210      .6823597E-01
   8.220      .6946654E-01
   8.230      .9945345E-01
   8.240      .1616175E+00
   8.250      .2195843E+00
   8.260      .2588120E+00
   8.270      .2943240E+00
   8.280      .3248335E+00
   8.290      .3434163E+00
   8.300      .3649878E+00
   8.310      .3900297E+00
   8.320      .4137256E+00
   8.330      .4320015E+00
   8.340      .4390713E+00
   8.350      .4400081E+00
   8.360      .4370966E+00
   8.370      .4281747E+00
   8.380      .4111437E+00
   8.390      .3814575E+00
   8.400      .3499430E+00
   8.410      .3319691E+00
   8.420      .3208523E+00
   8.430      .2883510E+00
   8.440      .2530561E+00
   8.450      .2311339E+00
   8.460      .1952019E+00
   8.470      .1393549E+00
   8.480      .8302517E-01
   8.490      .3015479E-01
   8.500     -.2319549E-01
   8.510     -.7445658E-01
   8.520     -.1150184E+00
   8.530     -.1452294E+00
   8.540     -.1657786E+00
   8.550     -.1773112E+00
   8.560     -.1856127E+00
   8.570     -.1900245E+00
   8.580     -.1901797E+00
   8.590     -.1859625E+00
   8.600     -.1773049E+00
   8.610     -.1658233E+00
   8.620     -.1537190E+00
   8.630     -.1420998E+00
   8.640     -.1329196E+00
   8.650     -.1297990E+00
   8.660     -.1310202E+00
   8.670     -.1344671E+00
   8.680     -.1388043E+00
   8.690     -.1410688E+00
   8.700     -.1402702E+00
   8.710     -.1383116E+00
   8.720     -.1368023E+00
   8.730     -.1373164E+00
   8.740     -.1425584E+00
   8.750     -.1511329E+00
   8.760     -.1608929E+00
   8.770     -.1716872E+00
   8.780     -.1822870E+00
   8.790     -.1916609E+00
   8.800     -.2031722E+00
   8.810     -.2194332E+00
   8.820     -.2403951E+00
   8.830     -.2641459E+00
   8.840     -.2881471E+00
   8.850     -.3102588E+00
   8.860     -.3325316E+00
   8.870     -.3548616E+00
   8.880     -.3765803E+00
   8.890     -.3916815E+00
   8.900     -.3982854E+00
   8.910     -.3994985E+00
   8.920     -.3961566E+00
   8.930     -.3844374E+00
   8.940     -.3608204E+00
   8.950     -.3266630E+00
   8.960     -.2932110E+00
   8.970     -.2668536E+00
   8.980     -.2487044E+00
   8.990     -.2345992E+00
   9.000     -.2215681E+00
   9.010     -.2094166E+00
   9.020     -.1964733E+00
   9.030     -.1808129E+00
   9.040     -.1628682E+00
   9.050     -.1420121E+00
   9.060     -.1176337E+00
   9.070     -.9299233E-01
   9.080     -.6672418E-01
   9.090     -.3616633E-01
   9.100     -.9016728E-02
   9.110      .1258976E-01
   9.120      .3578702E-01
   9.130      .6027581E-01
   9.140      .8299307E-01
   9.150      .1059357E+00
   9.160      .1317653E+00
   9.170      .1540199E+00
   9.180      .1831351E+00
   9.190      .2256089E+00
   9.200      .2685804E+00
   9.210      .2969472E+00
   9.220      .2824384E+00
   9.230      .2456897E+00
   9.240      .2189647E+00
   9.250      .2332041E+00
   9.260      .2236079E+00
   9.270      .1593289E+00
   9.280      .9116803E-01
   9.290      .4663584E-01
   9.300      .7499661E-01
   9.310      .1136780E+00
   9.320      .1029212E+00
   9.330      .8822898E-01
   9.340      .1038170E+00
   9.350      .1568107E+00
   9.360      .2304320E+00
   9.370      .2746954E+00
   9.380      .2709903E+00
   9.390      .2566242E+00
   9.400      .2293292E+00
   9.410      .1483468E+00
   9.420      .5795321E-01
   9.430      .3233716E-01
   9.440      .4312477E-01
   9.450      .4812967E-01
   9.460      .5147237E-01
   9.470      .5388620E-01
   9.480      .4170230E-01
   9.490      .1936176E-01
   9.500     -.1973801E-02
   9.510     -.1344257E-01
   9.520     -.1208709E-01
   9.530     -.5687288E-02
   9.540      .2393724E-02
   9.550      .8586294E-02
   9.560      .1130832E-01
   9.570      .1217865E-01
   9.580      .9827030E-02
   9.590      .6048130E-02
   9.600      .4052930E-02
   9.610      .9783433E-03
   9.620     -.2614351E-02
   9.630     -.6781640E-02
   9.640     -.1447330E-01
   9.650     -.2306235E-01
   9.660     -.3182748E-01
   9.670     -.4270852E-01
   9.680     -.5764583E-01
   9.690     -.7240893E-01
   9.700     -.8659627E-01
   9.710     -.9956150E-01
   9.720     -.1116020E+00
   9.730     -.1201308E+00
   9.740     -.1221732E+00
   9.750     -.1193369E+00
   9.760     -.1118260E+00
   9.770     -.1018225E+00
   9.780     -.8943477E-01
   9.790     -.7533797E-01
   9.800     -.5851365E-01
   9.810     -.4020179E-01
   9.820     -.2690143E-01
   9.830     -.1418755E-01
   9.840      .2043805E-02
   9.850      .1832672E-01
   9.860      .3216918E-01
   9.870      .4682216E-01
   9.880      .6299661E-01
   9.890      .7776218E-01
   9.900      .9091260E-01
   9.910      .1022528E+00
   9.920      .1155641E+00
   9.930      .1287657E+00
   9.940      .1367633E+00
   9.950      .1446926E+00
   9.960      .1512416E+00
   9.970      .1524433E+00
   9.980      .1530939E+00
   9.990      .1558868E+00
  10.000      .1574234E+00
  10.010      .1554910E+00
  10.020      .1524113E+00
  10.030      .1436377E+00
  10.040      .1230122E+00
  10.050      .1143757E+00
  10.060      .1265786E+00
  10.070      .1369423E+00
  10.080      .1495714E+00
  10.090      .1681057E+00
  10.100      .1538846E+00
  10.110      .6826164E-01
  10.120     -.2760906E-01
  10.130     -.6555162E-01
  10.140     -.6862499E-01
  10.150     -.6897247E-01
  10.160     -.7000694E-01
  10.170     -.6996916E-01
  10.180     -.6810611E-01
  10.190     -.6043013E-01
  10.200     -.5055493E-01
  10.210     -.4423727E-01
  10.220     -.3952602E-01
  10.230     -.3367451E-01
  10.240     -.2330843E-01
  10.250     -.8667450E-02
  10.260      .2622629E-02
  10.270      .1215867E-01
  10.280      .2243613E-01
  10.290      .3153507E-01
  10.300      .3572384E-01
  10.310      .3578998E-01
  10.320      .3460730E-01
  10.330      .2988710E-01
  10.340      .1343742E-01
  10.350     -.1352006E-01
  10.360     -.4161953E-01
  10.370     -.6259499E-01
  10.380     -.6805836E-01
  10.390     -.6806560E-01
  10.400     -.7038203E-01
  10.410     -.7334991E-01
  10.420     -.7622790E-01
  10.430     -.8172632E-01
  10.440     -.8885752E-01
  10.450     -.9435558E-01
  10.460     -.9599908E-01
  10.470     -.9371316E-01
  10.480     -.8980894E-01
  10.490     -.8470083E-01
  10.500     -.7782781E-01
  10.510     -.6877175E-01
  10.520     -.6119569E-01
  10.530     -.5546557E-01
  10.540     -.4903323E-01
  10.550     -.4367335E-01
  10.560     -.3916539E-01
  10.570     -.3421225E-01
  10.580     -.2913087E-01
  10.590     -.2452613E-01
  10.600     -.2140872E-01
  10.610     -.1790545E-01
  10.620     -.1240109E-01
  10.630     -.5843029E-02
  10.640      .2232388E-02
  10.650      .1200749E-01
  10.660      .1866242E-01
  10.670      .2390844E-01
  10.680      .3970761E-01
  10.690      .6311607E-01
  10.700      .7090580E-01
  10.710      .6352396E-01
  10.720      .4709413E-01
  10.730      .2395345E-01
  10.740      .1230272E-01
  10.750      .1478718E-01
  10.760      .2947283E-01
  10.770      .5684663E-01
  10.780      .7972298E-01
  10.790      .9132462E-01
  10.800      .9318336E-01
  10.810      .8055965E-01
  10.820      .6016397E-01
  10.830      .4730140E-01
  10.840      .4730889E-01
  10.850      .5255760E-01
  10.860      .5972079E-01
  10.870      .6722579E-01
  10.880      .7126695E-01
  10.890      .7134122E-01
  10.900      .7040176E-01
  10.910      .6673614E-01
  10.920      .5586226E-01
  10.930      .3564724E-01
  10.940      .1169788E-01
  10.950     -.1396422E-01
  10.960     -.4155170E-01
  10.970     -.6973906E-01
  10.980     -.9434128E-01
  10.990     -.1124043E+00
  11.000     -.1253545E+00
  11.010     -.1364914E+00
  11.020     -.1444533E+00
  11.030     -.1502646E+00
  11.040     -.1555860E+00
  11.050     -.1573871E+00
  11.060     -.1550780E+00
  11.070     -.1506754E+00
  11.080     -.1470976E+00
  11.090     -.1428856E+00
  11.100     -.1362386E+00
  11.110     -.1286421E+00
  11.120     -.1186709E+00
  11.130     -.1034019E+00
  11.140     -.8165294E-01
  11.150     -.5776305E-01
  11.160     -.3399097E-01
  11.170     -.1283499E-01
  11.180      .2534712E-02
  11.190      .1356917E-01
  11.200      .2467527E-01
  11.210      .3658618E-01
  11.220      .4660298E-01
  11.230      .5478945E-01
  11.240      .6398774E-01
  11.250      .7409026E-01
  11.260      .8573701E-01
  11.270      .9729216E-01
  11.280      .1099020E+00
  11.290      .1223204E+00
  11.300      .1301478E+00
  11.310      .1349432E+00
  11.320      .1387539E+00
  11.330      .1405971E+00
  11.340      .1427825E+00
  11.350      .1473268E+00
  11.360      .1546032E+00
  11.370      .1629146E+00
  11.380      .1707538E+00
  11.390      .1773935E+00
  11.400      .1784877E+00
  11.410      .1725334E+00
  11.420      .1632887E+00
  11.430      .1542624E+00
  11.440      .1469685E+00
  11.450      .1401865E+00
  11.460      .1300447E+00
  11.470      .1172155E+00
  11.480      .1028588E+00
  11.490      .8859880E-01
  11.500      .7428081E-01
  11.510      .5768624E-01
  11.520      .4241098E-01
  11.530      .3145108E-01
  11.540      .2039341E-01
  11.550      .5862699E-02
  11.560     -.8772372E-02
  11.570     -.2442529E-01
  11.580     -.4317354E-01
  11.590     -.6280093E-01
  11.600     -.8424663E-01
  11.610     -.1058397E+00
  11.620     -.1233135E+00
  11.630     -.1393885E+00
  11.640     -.1521428E+00
  11.650     -.1577491E+00
  11.660     -.1622375E+00
  11.670     -.1652594E+00
  11.680     -.1651614E+00
  11.690     -.1625397E+00
  11.700     -.1596691E+00
  11.710     -.1568513E+00
  11.720     -.1555544E+00
  11.730     -.1556873E+00
  11.740     -.1536683E+00
  11.750     -.1479138E+00
  11.760     -.1372624E+00
  11.770     -.1232759E+00
  11.780     -.1085887E+00
  11.790     -.9537115E-01
  11.800     -.8493508E-01
  11.810     -.7741598E-01
  11.820     -.7493509E-01
  11.830     -.7623653E-01
  11.840     -.8043157E-01
  11.850     -.8610593E-01
  11.860     -.9160323E-01
  11.870     -.9677709E-01
  11.880     -.1009892E+00
  11.890     -.1046282E+00
  11.900     -.1066087E+00
  11.910     -.1076987E+00
  11.920     -.1091024E+00
  11.930     -.1119149E+00
  11.940     -.1161389E+00
  11.950     -.1197640E+00
  11.960     -.1222159E+00
  11.970     -.1239086E+00
  11.980     -.1229882E+00
  11.990     -.1175672E+00
  12.000     -.1090862E+00
  12.010     -.1000044E+00
  12.020     -.8711050E-01
  12.030     -.6948870E-01
  12.040     -.5300194E-01
  12.050     -.3882004E-01
  12.060     -.2762550E-01
  12.070     -.2106522E-01
  12.080     -.1327382E-01
  12.090     -.2409453E-02
  12.100      .7784350E-02
  12.110      .1583205E-01
  12.120      .2667629E-01
  12.130      .4195911E-01
  12.140      .5812522E-01
  12.150      .7484370E-01
  12.160      .9101573E-01
  12.170      .1026066E+00
  12.180      .1076470E+00
  12.190      .1080678E+00
  12.200      .1076246E+00
  12.210      .1070915E+00
  12.220      .1057401E+00
  12.230      .1031166E+00
  12.240      .9819416E-01
  12.250      .9426454E-01
  12.260      .9356257E-01
  12.270      .9538854E-01
  12.280      .1010897E+00
  12.290      .1105459E+00
  12.300      .1222318E+00
  12.310      .1332328E+00
  12.320      .1380686E+00
  12.330      .1378321E+00
  12.340      .1365046E+00
  12.350      .1337363E+00
  12.360      .1253066E+00
  12.370      .1123396E+00
  12.380      .9666706E-01
  12.390      .7812599E-01
  12.400      .5903143E-01
  12.410      .4274719E-01
  12.420      .3002488E-01
  12.430      .1861375E-01
  12.440      .6516021E-02
  12.450     -.4086207E-02
  12.460     -.9542003E-02
  12.470     -.1020616E-01
  12.480     -.9761224E-02
  12.490     -.1045688E-01
  12.500     -.1287395E-01
  12.510     -.1583054E-01
  12.520     -.1876353E-01
  12.530     -.2236922E-01
  12.540     -.2464920E-01
  12.550     -.2646647E-01
  12.560     -.2821027E-01
  12.570     -.2848706E-01
  12.580     -.2821335E-01
  12.590     -.2822790E-01
  12.600     -.2774548E-01
  12.610     -.2637158E-01
  12.620     -.2687839E-01
  12.630     -.2834499E-01
  12.640     -.2889161E-01
  12.650     -.3014374E-01
  12.660     -.3096789E-01
  12.670     -.3074577E-01
  12.680     -.2948276E-01
  12.690     -.2801256E-01
  12.700     -.2704485E-01
  12.710     -.2777179E-01
  12.720     -.2769690E-01
  12.730     -.2397182E-01
  12.740     -.1714926E-01
  12.750     -.1048583E-01
  12.760     -.4720121E-02
  12.770      .2633336E-02
  12.780      .1016154E-01
  12.790      .1568386E-01
  12.800      .1909138E-01
  12.810      .1967384E-01
  12.820      .1691150E-01
  12.830      .1248441E-01
  12.840      .9247057E-02
  12.850      .8647770E-02
  12.860      .1355429E-01
  12.870      .2367727E-01
  12.880      .3986485E-01
  12.890      .5875806E-01
  12.900      .7430106E-01
  12.910      .8566045E-01
  12.920      .9141822E-01
  12.930      .8734263E-01
  12.940      .7733593E-01
  12.950      .6556577E-01
  12.960      .5205694E-01
  12.970      .4188339E-01
  12.980      .3944173E-01
  12.990      .4101625E-01
  13.000      .4328046E-01
  13.010      .4376405E-01
  13.020      .4128533E-01
  13.030      .3814043E-01
  13.040      .3643978E-01
  13.050      .3870197E-01
  13.060      .4469477E-01
  13.070      .5218131E-01
  13.080      .5965126E-01
  13.090      .6547679E-01
  13.100      .6386468E-01
  13.110      .5730403E-01
  13.120      .5012877E-01
  13.130      .4101157E-01
  13.140      .3029359E-01
  13.150      .2115522E-01
  13.160      .1376043E-01
  13.170      .8068061E-02
  13.180      .5039081E-02
  13.190      .2389385E-02
  13.200     -.1584742E-02
  13.210     -.5984666E-02
  13.220     -.1005352E-01
  13.230     -.1506238E-01
  13.240     -.2087503E-01
  13.250     -.2637123E-01
  13.260     -.3180837E-01
  13.270     -.3719385E-01
  13.280     -.4149623E-01
  13.290     -.4322838E-01
  13.300     -.4403233E-01
  13.310     -.4364603E-01
  13.320     -.4219504E-01
  13.330     -.3893622E-01
  13.340     -.3152653E-01
  13.350     -.2063781E-01
  13.360     -.9487466E-02
  13.370      .1178889E-02
  13.380      .1189529E-01
  13.390      .2001761E-01
  13.400      .2243901E-01
  13.410      .2411546E-01
  13.420      .2615455E-01
  13.430      .2571269E-01
  13.440      .2312597E-01
  13.450      .2120507E-01
  13.460      .2023047E-01
  13.470      .2089822E-01
  13.480      .2372540E-01
  13.490      .2742565E-01
  13.500      .3148702E-01
  13.510      .3418126E-01
  13.520      .3341796E-01
  13.530      .2853472E-01
  13.540      .2174388E-01
  13.550      .1309975E-01
  13.560      .2090293E-02
  13.570     -.7735019E-02
  13.580     -.1572771E-01
  13.590     -.2314381E-01
  13.600     -.2821336E-01
  13.610     -.3178393E-01
  13.620     -.3436767E-01
  13.630     -.3590574E-01
  13.640     -.3646044E-01
  13.650     -.3630082E-01
  13.660     -.3639194E-01
  13.670     -.3784615E-01
  13.680     -.4025657E-01
  13.690     -.4121604E-01
  13.700     -.4090843E-01
  13.710     -.3997998E-01
  13.720     -.3849595E-01
  13.730     -.3577912E-01
  13.740     -.3377942E-01
  13.750     -.3259265E-01
  13.760     -.3026453E-01
  13.770     -.3151250E-01
  13.780     -.3560303E-01
  13.790     -.3779449E-01
  13.800     -.4058978E-01
  13.810     -.4340167E-01
  13.820     -.4384076E-01
  13.830     -.4320634E-01
  13.840     -.4150005E-01
  13.850     -.3922741E-01
  13.860     -.3715040E-01
  13.870     -.3348189E-01
  13.880     -.2793237E-01
  13.890     -.2140948E-01
  13.900     -.1614492E-01
  13.910     -.1185449E-01
  13.920     -.7313540E-02
  13.930     -.5115862E-02
  13.940     -.4279783E-02
  13.950     -.2903375E-02
  13.960     -.2004780E-02
  13.970     -.2946434E-02
  13.980     -.5480664E-02
  13.990     -.7425367E-02
  14.000     -.9930090E-02
  14.010     -.1267392E-01
  14.020     -.1559431E-01
  14.030     -.1754263E-01
  14.040     -.1955416E-01
  14.050     -.2108360E-01
  14.060     -.2283945E-01
  14.070     -.2506417E-01
  14.080     -.2580144E-01
  14.090     -.2647335E-01
  14.100     -.2738125E-01
  14.110     -.2597291E-01
  14.120     -.2286906E-01
  14.130     -.1917579E-01
  14.140     -.1518559E-01
  14.150     -.1218189E-01
  14.160     -.9347842E-02
  14.170     -.5381892E-02
  14.180     -.2562238E-02
  14.190     -.3226139E-02
  14.200     -.6163604E-02
  14.210     -.9054263E-02
  14.220     -.1134312E-01
  14.230     -.1150585E-01
  14.240     -.9746392E-02
  14.250     -.7000589E-02
  14.260     -.1774956E-02
  14.270      .3994672E-02
  14.280      .8785933E-02
  14.290      .1258672E-01
  14.300      .1555283E-01
  14.310      .1620296E-01
  14.320      .1698071E-01
  14.330      .1846574E-01
  14.340      .2073611E-01
  14.350      .2520547E-01
  14.360      .3187131E-01
  14.370      .3772458E-01
  14.380      .4279756E-01
  14.390      .4765366E-01
  14.400      .5017435E-01
  14.410      .4928293E-01
  14.420      .4636902E-01
  14.430      .4176204E-01
  14.440      .3314307E-01
  14.450      .1985354E-01
  14.460      .8056336E-02
  14.470     -.7259622E-03
  14.480     -.6655554E-02
  14.490     -.6356977E-02
  14.500     -.1985438E-02
  14.510      .5151458E-02
  14.520      .1341762E-01
  14.530      .2043317E-01
  14.540      .2516275E-01
  14.550      .2502078E-01
  14.560      .2094924E-01
  14.570      .1719804E-01
  14.580      .1253226E-01
  14.590      .1018674E-01
  14.600      .1047632E-01
  14.610      .9992374E-02
  14.620      .7045446E-02
  14.630      .4685629E-02
  14.640      .1520164E-02
  14.650     -.3653600E-02
  14.660     -.7463422E-02
  14.670     -.8555973E-02
  14.680     -.9052551E-02
  14.690     -.8247144E-02
  14.700     -.7413963E-02
  14.710     -.5193901E-02
  14.720     -.3105306E-02
  14.730     -.3144645E-02
  14.740     -.3559704E-02
  14.750     -.4619186E-02
  14.760     -.9606837E-02
  14.770     -.1799797E-01
  14.780     -.2700880E-01
  14.790     -.3640628E-01
  14.800     -.4589148E-01
  14.810     -.5529708E-01
  14.820     -.6330710E-01
  14.830     -.6708099E-01
  14.840     -.6881172E-01
  14.850     -.6727894E-01
  14.860     -.6272802E-01
  14.870     -.5815443E-01
  14.880     -.5338413E-01
  14.890     -.4926005E-01
  14.900     -.4526923E-01
  14.910     -.4200053E-01
  14.920     -.4037355E-01
  14.930     -.4041715E-01
  14.940     -.4044233E-01
  14.950     -.3855117E-01
  14.960     -.3436522E-01
  14.970     -.2780443E-01
  14.980     -.2085726E-01
  14.990     -.1426311E-01
  15.000     -.7170813E-02
  15.010      .5361964E-03
  15.020      .7413168E-02
  15.030      .1374487E-01
  15.040      .1916494E-01
  15.050      .2313004E-01
  15.060      .2582856E-01
  15.070      .2790856E-01
  15.080      .2915642E-01
  15.090      .3127661E-01
  15.100      .3505218E-01
  15.110      .3813543E-01
  15.120      .4144606E-01
  15.130      .4582659E-01
  15.140      .4934332E-01
  15.150      .5506276E-01
  15.160      .6241697E-01
  15.170      .7012797E-01
  15.180      .7593662E-01
  15.190      .7858738E-01
  15.200      .7860524E-01
  15.210      .7420804E-01
  15.220      .6488155E-01
  15.230      .5474218E-01
  15.240      .4587883E-01
  15.250      .3791285E-01
  15.260      .3166455E-01
  15.270      .2821455E-01
  15.280      .2442843E-01
  15.290      .1924286E-01
  15.300      .1431409E-01
  15.310      .7388313E-02
  15.320     -.9800055E-03
  15.330     -.7898416E-02
  15.340     -.1368667E-01
  15.350     -.1956480E-01
  15.360     -.2142770E-01
  15.370     -.1887979E-01
  15.380     -.1356018E-01
  15.390     -.9357712E-02
  15.400     -.7369552E-02
  15.410     -.6935433E-02
  15.420     -.7111910E-02
  15.430     -.8057788E-02
  15.440     -.9710808E-02
  15.450     -.1253588E-01
  15.460     -.1529798E-01
  15.470     -.1878139E-01
  15.480     -.2211969E-01
  15.490     -.2479694E-01
  15.500     -.2752385E-01
  15.510     -.3027780E-01
  15.520     -.3296656E-01
  15.530     -.3585563E-01
  15.540     -.3957497E-01
  15.550     -.4264699E-01
  15.560     -.4530372E-01
  15.570     -.4733487E-01
  15.580     -.4869742E-01
  15.590     -.4996172E-01
  15.600     -.5083896E-01
  15.610     -.4815840E-01
  15.620     -.4317242E-01
  15.630     -.3551422E-01
  15.640     -.2603247E-01
  15.650     -.1571265E-01
  15.660     -.4631612E-02
  15.670      .7967441E-02
  15.680      .2001255E-01
  15.690      .2937873E-01
  15.700      .3912935E-01
  15.710      .4805674E-01
  15.720      .5465540E-01
  15.730      .5864045E-01
  15.740      .5868401E-01
  15.750      .5526352E-01
  15.760      .5004878E-01
  15.770      .4673141E-01
  15.780      .4489913E-01
  15.790      .4149390E-01
  15.800      .3906628E-01
  15.810      .3795234E-01
  15.820      .3676113E-01
  15.830      .3535327E-01
  15.840      .3385267E-01
  15.850      .3244341E-01
  15.860      .3097628E-01
  15.870      .2752438E-01
  15.880      .2051327E-01
  15.890      .9344780E-02
  15.900     -.4871512E-02
  15.910     -.1703128E-01
  15.920     -.2835831E-01
  15.930     -.3793498E-01
  15.940     -.4282772E-01
  15.950     -.4338471E-01
  15.960     -.4233520E-01
  15.970     -.3924164E-01
  15.980     -.3290755E-01
  15.990     -.2483600E-01
  16.000     -.1811055E-01
  16.010     -.1201630E-01
  16.020     -.6810613E-02
  16.030     -.2396187E-02
  16.040     -.2244993E-02
  16.050     -.4172069E-02
  16.060     -.4505682E-02
  16.070     -.3698852E-02
  16.080     -.9631760E-03
  16.090      .4246026E-02
  16.100      .1003200E-01
  16.110      .1627850E-01
  16.120      .2170191E-01
  16.130      .2692450E-01
  16.140      .2961947E-01
  16.150      .2734398E-01
  16.160      .2256389E-01
  16.170      .1578321E-01
  16.180      .7209524E-02
  16.190     -.2064274E-02
  16.200     -.8073431E-02
  16.210     -.9528423E-02
  16.220     -.7881598E-02
  16.230     -.5295351E-02
  16.240     -.4355364E-02
  16.250     -.4721357E-02
  16.260     -.6646548E-02
  16.270     -.1048415E-01
  16.280     -.1368658E-01
  16.290     -.1584198E-01
  16.300     -.1658100E-01
  16.310     -.1652334E-01
  16.320     -.1732110E-01
  16.330     -.1864436E-01
  16.340     -.1862030E-01
  16.350     -.1628173E-01
  16.360     -.1107680E-01
  16.370     -.4096048E-02
  16.380      .2703788E-02
  16.390      .7949628E-02
  16.400      .1047636E-01
  16.410      .1095105E-01
  16.420      .9593806E-02
  16.430      .5780222E-02
  16.440      .3526691E-03
  16.450     -.6112319E-02
  16.460     -.1228675E-01
  16.470     -.1863934E-01
  16.480     -.2336491E-01
  16.490     -.2793369E-01
  16.500     -.3103076E-01
  16.510     -.3120911E-01
  16.520     -.3039234E-01
  16.530     -.2841955E-01
  16.540     -.2624611E-01
  16.550     -.2388754E-01
  16.560     -.2031328E-01
  16.570     -.1765882E-01
  16.580     -.1656912E-01
  16.590     -.1470555E-01
  16.600     -.1249756E-01
  16.610     -.9988723E-02
  16.620     -.4887085E-02
  16.630      .2194615E-02
  16.640      .9149674E-02
  16.650      .1564873E-01
  16.660      .2046594E-01
  16.670      .2419308E-01
  16.680      .2765925E-01
  16.690      .2848557E-01
  16.700      .2563579E-01
  16.710      .2111299E-01
  16.720      .1753502E-01
  16.730      .1388729E-01
  16.740      .1039003E-01
  16.750      .9388011E-02
  16.760      .9745211E-02
  16.770      .9691776E-02
  16.780      .8292611E-02
  16.790      .4385290E-02
  16.800      .2043708E-04
  16.810     -.4076007E-02
  16.820     -.7332994E-02
  16.830     -.9025659E-02
  16.840     -.8770026E-02
  16.850     -.6111975E-02
  16.860     -.4086222E-02
  16.870     -.4392710E-02
  16.880     -.6577099E-02
  16.890     -.1120277E-01
  16.900     -.1458832E-01
  16.910     -.1711617E-01
  16.920     -.1875873E-01
  16.930     -.1876935E-01
  16.940     -.1831177E-01
  16.950     -.1607301E-01
  16.960     -.1313190E-01
  16.970     -.1039827E-01
  16.980     -.9234850E-02
  16.990     -.9543834E-02
  17.000     -.1087323E-01
  17.010     -.1377753E-01
  17.020     -.1821659E-01
  17.030     -.2240428E-01
  17.040     -.2640797E-01
  17.050     -.3034962E-01
  17.060     -.3318986E-01
  17.070     -.3459849E-01
  17.080     -.3472433E-01
  17.090     -.3260670E-01
  17.100     -.2956132E-01
  17.110     -.2665970E-01
  17.120     -.2239796E-01
  17.130     -.1553839E-01
  17.140     -.9128394E-02
  17.150     -.4709247E-02
  17.160     -.8563565E-03
  17.170      .4456688E-02
  17.180      .1146596E-01
  17.190      .1906279E-01
  17.200      .2699580E-01
  17.210      .3238200E-01
  17.220      .3604360E-01
  17.230      .3937819E-01
  17.240      .4049662E-01
  17.250      .3896411E-01
  17.260      .3511013E-01
  17.270      .3157706E-01
  17.280      .2767435E-01
  17.290      .2387021E-01
  17.300      .2109779E-01
  17.310      .1852597E-01
  17.320      .1482734E-01
  17.330      .1063669E-01
  17.340      .7242999E-02
  17.350      .3832366E-02
  17.360      .1171880E-02
  17.370     -.2319079E-02
  17.380     -.5788761E-02
  17.390     -.8377921E-02
  17.400     -.1038864E-01
  17.410     -.1222294E-01
  17.420     -.1354420E-01
  17.430     -.1377461E-01
  17.440     -.1380895E-01
  17.450     -.1536978E-01
  17.460     -.1780771E-01
  17.470     -.1860564E-01
  17.480     -.1755869E-01
  17.490     -.1609699E-01
  17.500     -.1589324E-01
  17.510     -.1613768E-01
  17.520     -.1671919E-01
  17.530     -.1903099E-01
  17.540     -.2296412E-01
  17.550     -.2704048E-01
  17.560     -.2961732E-01
  17.570     -.3074358E-01
  17.580     -.3150354E-01
  17.590     -.2998924E-01
  17.600     -.2692477E-01
  17.610     -.2406453E-01
  17.620     -.2119168E-01
  17.630     -.1676351E-01
  17.640     -.1243159E-01
  17.650     -.9721969E-02
  17.660     -.4026906E-02
  17.670      .5677440E-02
  17.680      .1470417E-01
  17.690      .2132893E-01
  17.700      .3108198E-01
  17.710      .4302697E-01
  17.720      .5299043E-01
  17.730      .6146607E-01
  17.740      .6809870E-01
  17.750      .7396447E-01
  17.760      .7800847E-01
  17.770      .7853352E-01
  17.780      .7494233E-01
  17.790      .7025752E-01
  17.800      .6641283E-01
  17.810      .6448438E-01
  17.820      .6251163E-01
  17.830      .5952237E-01
  17.840      .5530932E-01
  17.850      .4984384E-01
  17.860      .4337967E-01
  17.870      .3278845E-01
  17.880      .2058625E-01
  17.890      .1069621E-01
  17.900      .1959369E-02
  17.910     -.6255082E-02
  17.920     -.1315654E-01
  17.930     -.1833394E-01
  17.940     -.2249917E-01
  17.950     -.2409429E-01
  17.960     -.2342811E-01
  17.970     -.2156686E-01
  17.980     -.1800183E-01
  17.990     -.1325824E-01
  18.000     -.6820391E-02
  18.010      .4344653E-03
  18.020      .8141897E-02
  18.030      .1396734E-01
  18.040      .1690131E-01
  18.050      .1994838E-01
  18.060      .2397110E-01
  18.070      .2572943E-01
  18.080      .2537301E-01
  18.090      .2413219E-01
  18.100      .2127779E-01
  18.110      .1999022E-01
  18.120      .1935578E-01
  18.130      .1801562E-01
  18.140      .1640782E-01
  18.150      .1559630E-01
  18.160      .1489691E-01
  18.170      .1168817E-01
  18.180      .7328068E-02
  18.190      .3998538E-02
  18.200      .5399299E-03
  18.210     -.2230147E-02
  18.220     -.6332601E-02
  18.230     -.1015953E-01
  18.240     -.1279895E-01
  18.250     -.1498557E-01
  18.260     -.1658003E-01
  18.270     -.1842416E-01
  18.280     -.2122829E-01
  18.290     -.2328527E-01
  18.300     -.2540053E-01
  18.310     -.2652447E-01
  18.320     -.2639914E-01
  18.330     -.2622267E-01
  18.340     -.2549377E-01
  18.350     -.2314922E-01
  18.360     -.2018412E-01
  18.370     -.1788571E-01
  18.380     -.1721906E-01
  18.390     -.1676671E-01
  18.400     -.1554929E-01
  18.410     -.1625511E-01
  18.420     -.1774997E-01
  18.430     -.1827711E-01
  18.440     -.2061004E-01
  18.450     -.2524947E-01
  18.460     -.3062475E-01
  18.470     -.3678051E-01
  18.480     -.4154205E-01
  18.490     -.4623997E-01
  18.500     -.4905156E-01
  18.510     -.5011251E-01
  18.520     -.5021135E-01
  18.530     -.4884648E-01
  18.540     -.4643458E-01
  18.550     -.4463443E-01
  18.560     -.4134910E-01
  18.570     -.3706442E-01
  18.580     -.3293807E-01
  18.590     -.2868668E-01
  18.600     -.2381641E-01
  18.610     -.1972618E-01
  18.620     -.1648456E-01
  18.630     -.1310044E-01
  18.640     -.7139093E-02
  18.650     -.1156956E-02
  18.660      .3628177E-02
  18.670      .7787331E-02
  18.680      .1323750E-01
  18.690      .1800693E-01
  18.700      .2268326E-01
  18.710      .2665279E-01
  18.720      .2929567E-01
  18.730      .3185903E-01
  18.740      .3585371E-01
  18.750      .4226117E-01
  18.760      .4937146E-01
  18.770      .5678774E-01
  18.780      .6165377E-01
  18.790      .6397585E-01
  18.800      .6559918E-01
  18.810      .6497575E-01
  18.820      .6119817E-01
  18.830      .5718882E-01
  18.840      .5566526E-01
  18.850      .5469250E-01
  18.860      .5471132E-01
  18.870      .5610635E-01
  18.880      .5655519E-01
  18.890      .5600194E-01
  18.900      .5334676E-01
  18.910      .4704392E-01
  18.920      .4044098E-01
  18.930      .3410371E-01
  18.940      .2645298E-01
  18.950      .1960532E-01
  18.960      .1513138E-01
  18.970      .1276221E-01
  18.980      .9477393E-02
  18.990      .7103826E-02
  19.000      .5749291E-02
  19.010      .3219498E-02
  19.020      .1866742E-03
  19.030     -.3101864E-02
  19.040     -.7899834E-02
  19.050     -.1154831E-01
  19.060     -.1511535E-01
  19.070     -.2327961E-01
  19.080     -.3027752E-01
  19.090     -.3308511E-01
  19.100     -.3610489E-01
  19.110     -.4033255E-01
  19.120     -.4316638E-01
  19.130     -.4347142E-01
  19.140     -.4190562E-01
  19.150     -.4040908E-01
  19.160     -.3927998E-01
  19.170     -.3915166E-01
  19.180     -.3933054E-01
  19.190     -.3932071E-01
  19.200     -.3868865E-01
  19.210     -.3655999E-01
  19.220     -.3480652E-01
  19.230     -.3473046E-01
  19.240     -.3467258E-01
  19.250     -.3325847E-01
  19.260     -.3242624E-01
  19.270     -.3187507E-01
  19.280     -.2957760E-01
  19.290     -.2678453E-01
  19.300     -.2567966E-01
  19.310     -.2593587E-01
  19.320     -.2618865E-01
  19.330     -.2624254E-01
  19.340     -.2722904E-01
  19.350     -.2850680E-01
  19.360     -.2870186E-01
  19.370     -.2814623E-01
  19.380     -.2674788E-01
  19.390     -.2601024E-01
  19.400     -.2417687E-01
  19.410     -.2181321E-01
  19.420     -.2126803E-01
  19.430     -.1974945E-01
  19.440     -.1676929E-01
  19.450     -.1384306E-01
  19.460     -.1001908E-01
  19.470     -.5200189E-02
  19.480     -.2356939E-02
  19.490      .1030968E-02
  19.500      .5777656E-02
  19.510      .9887174E-02
  19.520      .1244124E-01
  19.530      .1376589E-01
  19.540      .1446523E-01
  19.550      .1387077E-01
  19.560      .1227444E-01
  19.570      .1079760E-01
  19.580      .9473145E-02
  19.590      .8052120E-02
  19.600      .6258195E-02
  19.610      .2753312E-02
  19.620     -.8693987E-03
  19.630     -.4579121E-02
  19.640     -.8426117E-02
  19.650     -.1126962E-01
  19.660     -.1329108E-01
  19.670     -.1389392E-01
  19.680     -.1375133E-01
  19.690     -.1371728E-01
  19.700     -.1376893E-01
  19.710     -.1378981E-01
  19.720     -.1384070E-01
  19.730     -.1317000E-01
  19.740     -.1158712E-01
  19.750     -.8639238E-02
  19.760     -.3371767E-02
  19.770      .1880498E-02
  19.780      .5072470E-02
  19.790      .8087591E-02
  19.800      .1210000E-01
  19.810      .1521476E-01
  19.820      .1730855E-01
  19.830      .1801828E-01
  19.840      .1783487E-01
  19.850      .1775102E-01
  19.860      .1780148E-01
  19.870      .1774528E-01
  19.880      .1727784E-01
  19.890      .1532801E-01
  19.900      .1243383E-01
  19.910      .1050150E-01
  19.920      .9185298E-02
  19.930      .6912842E-02
  19.940      .5647280E-02
  19.950      .6461979E-02
  19.960      .8118536E-02
  19.970      .8616828E-02
  19.980      .9636546E-02
  19.990      .1226988E-01
  20.000      .1470683E-01
  20.010      .1661204E-01
  20.020      .1927070E-01
  20.030      .2216756E-01
  20.040      .2662437E-01
  20.050      .2941370E-01
  20.060      .3042458E-01
  20.070      .3008975E-01
  20.080      .2774352E-01
  20.090      .2570979E-01
  20.100      .2441127E-01
  20.110      .2313406E-01
  20.120      .2043255E-01
  20.130      .1701620E-01
  20.140      .1609136E-01
  20.150      .1515304E-01
  20.160      .1276618E-01
  20.170      .1115034E-01
  20.180      .9206283E-02
  20.190      .6319817E-02
  20.200      .3589559E-02
  20.210      .2367835E-02
  20.220      .2467324E-02
  20.230      .2580867E-02
  20.240      .2458076E-02
  20.250      .2412704E-02
  20.260      .2432365E-02
  20.270      .3031503E-02
  20.280      .5773050E-02
  20.290      .7368157E-02
  20.300      .7046739E-02
  20.310      .6808835E-02
  20.320      .6917668E-02
  20.330      .6879241E-02
  20.340      .6741427E-02
  20.350      .6709270E-02
  20.360      .6642889E-02
  20.370      .5352858E-02
  20.380      .2577028E-02
  20.390     -.3836218E-03
  20.400     -.2517284E-02
  20.410     -.3806117E-02
  20.420     -.5898343E-02
  20.430     -.7464831E-02
  20.440     -.7558475E-02
  20.450     -.7829338E-02
  20.460     -.9891551E-02
  20.470     -.1212157E-01
  20.480     -.1245810E-01
  20.490     -.1203239E-01
  20.500     -.1080295E-01
  20.510     -.9425655E-02
  20.520     -.7511044E-02
  20.530     -.5546370E-02
  20.540     -.4290371E-02
  20.550     -.3309569E-02
  20.560     -.3167150E-02
  20.570     -.3741025E-02
  20.580     -.5764526E-02
  20.590     -.7870608E-02
  20.600     -.8379356E-02
  20.610     -.9469308E-02
  20.620     -.1228570E-01
  20.630     -.1567117E-01
  20.640     -.1921677E-01
  20.650     -.2191820E-01
  20.660     -.2435598E-01
  20.670     -.2596161E-01
  20.680     -.2684739E-01
  20.690     -.2688283E-01
  20.700     -.2619409E-01
  20.710     -.2489689E-01
  20.720     -.2547936E-01
  20.730     -.2694440E-01
  20.740     -.2746675E-01
  20.750     -.2858368E-01
  20.760     -.2943574E-01
  20.770     -.2930216E-01
  20.780     -.2797823E-01
  20.790     -.2439631E-01
  20.800     -.1980452E-01
  20.810     -.1394511E-01
  20.820     -.8359538E-02
  20.830     -.4643069E-02
  20.840     -.2051012E-02
  20.850     -.1700494E-02
  20.860     -.1839577E-02
  20.870     -.5382144E-03
  20.880      .3360561E-03
  20.890      .1802162E-03
  20.900      .3585492E-04
  20.910      .7152073E-06
  20.920     -.7936036E-04
  20.930     -.1075552E-03
  20.940     -.6406634E-03
  20.950     -.1979998E-02
  20.960     -.1693364E-02
  20.970     -.3250422E-03
  20.980     -.7561253E-04
  20.990     -.3175899E-03
  21.000      .2379086E-03
  21.010      .2494650E-02
  21.020      .5278181E-02
  21.030      .6982853E-02
  21.040      .9376321E-02
  21.050      .1206744E-01
  21.060      .1587673E-01
  21.070      .1986359E-01
  21.080      .2249432E-01
  21.090      .2698276E-01
  21.100      .3233426E-01
  21.110      .3510875E-01
  21.120      .3733506E-01
  21.130      .3867022E-01
  21.140      .3854578E-01
  21.150      .3823479E-01
  21.160      .3716522E-01
  21.170      .3592382E-01
  21.180      .3577391E-01
  21.190      .3596739E-01
  21.200      .3591127E-01
  21.210      .3469010E-01
  21.220      .3109398E-01
  21.230      .2792185E-01
  21.240      .2447190E-01
  21.250      .2029138E-01
  21.260      .1750227E-01
  21.270      .1418459E-01
  21.280      .1078801E-01
  21.290      .7167061E-02
  21.300      .4532490E-02
  21.310      .8089636E-03
  21.320     -.3344386E-02
  21.330     -.6110217E-02
  21.340     -.8219211E-02
  21.350     -.8508638E-02
  21.360     -.7782553E-02
  21.370     -.5224105E-02
  21.380     -.2342688E-03
  21.390      .4406815E-02
  21.400      .8201926E-02
  21.410      .1184463E-01
  21.420      .1469750E-01
  21.430      .1713727E-01
  21.440      .1967095E-01
  21.450      .2243095E-01
  21.460      .2517307E-01
  21.470      .2780860E-01
  21.480      .3004150E-01
  21.490      .3121822E-01
  21.500      .3307806E-01
  21.510      .3512764E-01
  21.520      .3662148E-01
  21.530      .3866347E-01
  21.540      .4011849E-01
  21.550      .4191137E-01
  21.560      .4395788E-01
  21.570      .4442457E-01
  21.580      .4404305E-01
  21.590      .4365058E-01
  21.600      .4153969E-01
  21.610      .3779108E-01
  21.620      .3485327E-01
  21.630      .3023658E-01
  21.640      .2333202E-01
  21.650      .1683734E-01
  21.660      .1149876E-01
  21.670      .6832959E-02
  21.680      .2781479E-02
  21.690     -.1170609E-02
  21.700     -.4119868E-02
  21.710     -.6657635E-02
  21.720     -.9357236E-02
  21.730     -.1211202E-01
  21.740     -.1493142E-01
  21.750     -.1767293E-01
  21.760     -.2015192E-01
  21.770     -.2228115E-01
  21.780     -.2413050E-01
  21.790     -.2555434E-01
  21.800     -.2749171E-01
  21.810     -.3012387E-01
  21.820     -.3066077E-01
  21.830     -.3026581E-01
  21.840     -.2943725E-01
  21.850     -.2664484E-01
  21.860     -.2519554E-01
  21.870     -.2359285E-01
  21.880     -.2132646E-01
  21.890     -.2102509E-01
  21.900     -.2101174E-01
  21.910     -.2018821E-01
  21.920     -.2088594E-01
  21.930     -.2156694E-01
  21.940     -.2155168E-01
  21.950     -.2153173E-01
  21.960     -.2157702E-01
  21.970     -.2157853E-01
  21.980     -.2156894E-01
  21.990     -.2137356E-01
  22.000     -.1909131E-01
  22.010     -.1689955E-01
  22.020     -.1691573E-01
  22.030     -.1727564E-01
  22.040     -.1715785E-01
  22.050     -.1601536E-01
  22.060     -.1363398E-01
  22.070     -.1229959E-01
  22.080     -.1245311E-01
  22.090     -.1268935E-01
  22.100     -.1281061E-01
  22.110     -.1383410E-01
  22.120     -.1554338E-01
  22.130     -.1827723E-01
  22.140     -.2044652E-01
  22.150     -.2185105E-01
  22.160     -.2220601E-01
  22.170     -.2093299E-01
  22.180     -.1821120E-01
  22.190     -.1502550E-01
  22.200     -.1159564E-01
  22.210     -.9712812E-02
  22.220     -.7789830E-02
  22.230     -.6080328E-02
  22.240     -.5942544E-02
  22.250     -.7043846E-02
  22.260     -.1049430E-01
  22.270     -.1402600E-01
  22.280     -.1728617E-01
  22.290     -.2020819E-01
  22.300     -.2187867E-01
  22.310     -.2304560E-01
  22.320     -.2495228E-01
  22.330     -.2700894E-01
  22.340     -.2840987E-01
  22.350     -.3068393E-01
  22.360     -.3222680E-01
  22.370     -.3214585E-01
  22.380     -.3191383E-01
  22.390     -.3198078E-01
  22.400     -.3205997E-01
  22.410     -.3209278E-01
  22.420     -.3209452E-01
  22.430     -.3209677E-01
  22.440     -.3264461E-01
  22.450     -.3338256E-01
  22.460     -.3250342E-01
  22.470     -.3081833E-01
  22.480     -.2912474E-01
  22.490     -.2645297E-01
  22.500     -.2381886E-01
  22.510     -.1963302E-01
  22.520     -.1502424E-01
  22.530     -.1209836E-01
  22.540     -.9715686E-02
  22.550     -.7050724E-02
  22.560     -.4459562E-02
  22.570     -.1017517E-02
  22.580      .3944675E-02
  22.590      .7403506E-02
  22.600      .1015896E-01
  22.610      .1304922E-01
  22.620      .1379989E-01
  22.630      .1342249E-01
  22.640      .1336491E-01
  22.650      .1344821E-01
  22.660      .1365236E-01
  22.670      .1538720E-01
  22.680      .1832496E-01
  22.690      .2114245E-01
  22.700      .2388294E-01
  22.710      .2744710E-01
  22.720      .3025992E-01
  22.730      .3399926E-01
  22.740      .3813210E-01
  22.750      .3983282E-01
  22.760      .4058098E-01
  22.770      .4096728E-01
  22.780      .4179826E-01
  22.790      .4133918E-01
  22.800      .4054830E-01
  22.810      .4041126E-01
  22.820      .3936737E-01
  22.830      .3758605E-01
  22.840      .3393280E-01
  22.850      .2892058E-01
  22.860      .2544200E-01
  22.870      .2206226E-01
  22.880      .1808593E-01
  22.890      .1477905E-01
  22.900      .1135586E-01
  22.910      .8500871E-02
  22.920      .4946562E-02
  22.930      .1568129E-02
  22.940     -.2244581E-02
  22.950     -.5938698E-02
  22.960     -.8658708E-02
  22.970     -.1130121E-01
  22.980     -.1393338E-01
  22.990     -.1528461E-01
  23.000     -.1520040E-01
  23.010     -.1506307E-01
  23.020     -.1520609E-01
  23.030     -.1448969E-01
  23.040     -.1419330E-01
  23.050     -.1542915E-01
  23.060     -.1711534E-01
  23.070     -.1785871E-01
  23.080     -.1767728E-01
  23.090     -.1652552E-01
  23.100     -.1399141E-01
  23.110     -.1108304E-01
  23.120     -.7991252E-02
  23.130     -.3937101E-02
  23.140     -.6728000E-03
  23.150      .6709728E-03
  23.160      .5867581E-03
  23.170      .3329024E-03
  23.180      .3059855E-03
  23.190      .3817926E-03
  23.200      .1385047E-02
  23.210      .3999826E-02
  23.220      .6836328E-02
  23.230      .9434794E-02
  23.240      .1155162E-01
  23.250      .1206943E-01
  23.260      .1203149E-01
  23.270      .1414117E-01
  23.280      .1644051E-01
  23.290      .1699981E-01
  23.300      .1879884E-01
  23.310      .2087377E-01
  23.320      .2100585E-01
  23.330      .2056752E-01
  23.340      .2019053E-01
  23.350      .1833180E-01
  23.360      .1540336E-01
  23.370      .1335293E-01
  23.380      .1084515E-01
  23.390      .7154005E-02
  23.400      .4698304E-02
  23.410      .3642165E-02
  23.420      .1449143E-02
  23.430     -.1486895E-02
  23.440     -.2808589E-02
  23.450     -.2975717E-02
  23.460     -.4773604E-02
  23.470     -.7169211E-02
  23.480     -.8511676E-02
  23.490     -.9456203E-02
  23.500     -.9648957E-02
  23.510     -.9509261E-02
  23.520     -.8400792E-02
  23.530     -.5676091E-02
  23.540     -.4606324E-02
  23.550     -.3894097E-02
  23.560     -.3154776E-02
  23.570     -.4863659E-02
  23.580     -.7435658E-02
  23.590     -.7964158E-02
  23.600     -.7578055E-02
  23.610     -.7555866E-02
  23.620     -.7666097E-02
  23.630     -.7715006E-02
  23.640     -.7726114E-02
  23.650     -.7639982E-02
  23.660     -.6562888E-02
  23.670     -.5098337E-02
  23.680     -.2898866E-02
  23.690      .1106480E-02
  23.700      .4533268E-02
  23.710      .7023849E-02
  23.720      .9488146E-02
  23.730      .1073388E-01
  23.740      .1097236E-01
  23.750      .1272417E-01
  23.760      .1495009E-01
  23.770      .1640492E-01
  23.780      .1846933E-01
  23.790      .1969958E-01
  23.800      .1957643E-01
  23.810      .1876736E-01
  23.820      .1733214E-01
  23.830      .1585422E-01
  23.840      .1474620E-01
  23.850      .1467083E-01
  23.860      .1536932E-01
  23.870      .1736190E-01
  23.880      .1744752E-01
  23.890      .1488739E-01
  23.900      .1414601E-01
  23.910      .1420949E-01
  23.920      .1234694E-01
  23.930      .9311741E-02
  23.940      .5494980E-02
  23.950      .2611997E-02
  23.960      .1311041E-02
  23.970      .2390451E-03
  23.980     -.6929784E-03
  23.990      .9395132E-03
  24.000      .4910068E-02
  24.010      .7885222E-02
  24.020      .9190996E-02
  24.030      .9785975E-02
  24.040      .9046777E-02
  24.050      .7405251E-02
  24.060      .5928757E-02
  24.070      .4683951E-02
  24.080      .2983618E-02
  24.090      .6457085E-03
  24.100     -.1167083E-03
  24.110      .1871789E-03
  24.120      .2660705E-03
  24.130      .1692900E-03
  24.140      .1089315E-03
  24.150      .8916528E-04
  24.160      .9047415E-04
  24.170      .9205624E-04
  24.180      .7648503E-04
  24.190     -.3224939E-04
  24.200     -.5357198E-03
  24.210     -.2493726E-02
  24.220     -.4552538E-02
  24.230     -.4865604E-02
  24.240     -.5048353E-02
  24.250     -.7775257E-02
  24.260     -.9896613E-02
  24.270     -.9764879E-02
  24.280     -.1093511E-01
  24.290     -.1394590E-01
  24.300     -.1587207E-01
  24.310     -.1688595E-01
  24.320     -.1865894E-01
  24.330     -.2154179E-01
  24.340     -.2443550E-01
  24.350     -.2701498E-01
  24.360     -.2852949E-01
  24.370     -.3015300E-01
  24.380     -.3232463E-01
  24.390     -.3303394E-01
  24.400     -.3280898E-01
  24.410     -.3275836E-01
  24.420     -.3282947E-01
  24.430     -.3283097E-01
  24.440     -.3286444E-01
  24.450     -.3299301E-01
  24.460     -.3304077E-01
  24.470     -.3302140E-01
  24.480     -.3301685E-01
  24.490     -.3303248E-01
  24.500     -.3246162E-01
  24.510     -.3022505E-01
  24.520     -.2723948E-01
  24.530     -.2450086E-01
  24.540     -.2193019E-01
  24.550     -.1982063E-01
  24.560     -.1929669E-01
  24.570     -.1954176E-01
  24.580     -.1958194E-01
  24.590     -.1930894E-01
  24.600     -.1775849E-01
  24.610     -.1493156E-01
  24.620     -.1132683E-01
  24.630     -.6396163E-02
  24.640     -.2035095E-02
  24.650      .8831865E-03
  24.660      .4671040E-02
  24.670      .7705650E-02
  24.680      .8171458E-02
  24.690      .9673598E-02
  24.700      .1222517E-01
  24.710      .1253128E-01
  24.720      .1206616E-01
  24.730      .1203456E-01
  24.740      .1063191E-01
  24.750      .7815055E-02
  24.760      .7049464E-02
  24.770      .7479790E-02
  24.780      .7529993E-02
  24.790      .6750326E-02
  24.800      .4435966E-02
  24.810      .2521710E-02
  24.820      .1931085E-02
  24.830     -.5233862E-03
  24.840     -.2349258E-02
  24.850     -.2894470E-02
  24.860     -.4160490E-02
  24.870     -.4499683E-02
  24.880     -.3014529E-02
  24.890     -.1447809E-02
  24.900     -.1365308E-03
  24.910      .1004011E-02
  24.920      .1271859E-02
  24.930     -.1174003E-03
  24.940     -.3061894E-02
  24.950     -.5396834E-02
  24.960     -.7391046E-02
  24.970     -.1005399E-01
  24.980     -.1169256E-01
  24.990     -.1024372E-01
  25.000     -.7198417E-02
  25.010     -.5010435E-02
  25.020     -.3198365E-02
  25.030      .3284411E-03
  25.040      .2538744E-02
  25.050      .3814624E-02
  25.060      .5892242E-02
  25.070      .6802113E-02
  25.080      .6549635E-02
  25.090      .6429396E-02
  25.100      .6501048E-02
  25.110      .6457145E-02
  25.120      .6390011E-02
  25.130      .6391841E-02
  25.140      .6402113E-02
  25.150      .6386628E-02
  25.160      .6506997E-02
  25.170      .8035982E-02
  25.180      .1035663E-01
  25.190      .1108665E-01
  25.200      .1078382E-01
  25.210      .1066674E-01
  25.220      .1069499E-01
  25.230      .1067459E-01
  25.240      .1059984E-01
  25.250      .1060851E-01
  25.260      .1158107E-01
  25.270      .1394501E-01
  25.280      .1533093E-01
  25.290      .1559223E-01
  25.300      .1738135E-01
  25.310      .1955835E-01
  25.320      .1984999E-01
  25.330      .1949707E-01
  25.340      .1950743E-01
  25.350      .2002769E-01
  25.360      .2200207E-01
  25.370      .2393997E-01
  25.380      .2417704E-01
  25.390      .2389296E-01
  25.400      .2390611E-01
  25.410      .2394539E-01
  25.420      .2382316E-01
  25.430      .2278096E-01
  25.440      .2037284E-01
  25.450      .1865624E-01
  25.460      .1694132E-01
  25.470      .1474658E-01
  25.480      .1413557E-01
  25.490      .1432682E-01
  25.500      .1277034E-01
  25.510      .8901577E-02
  25.520      .6314487E-02
  25.530      .5256461E-02
  25.540      .5047506E-02
  25.550      .5119990E-02
  25.560      .5115905E-02
  25.570      .5034116E-02
  25.580      .4997756E-02
  25.590      .5006518E-02
  25.600      .5008390E-02
  25.610      .4991373E-02
  25.620      .4915102E-02
  25.630      .3704138E-02
  25.640      .7647873E-03
  25.650     -.2545965E-03
  25.660     -.2000068E-03
  25.670     -.2709686E-02
  25.680     -.4884337E-02
  25.690     -.4738875E-02
  25.700     -.4386294E-02
  25.710     -.4507522E-02
  25.720     -.4682374E-02
  25.730     -.4740139E-02
  25.740     -.4729512E-02
  25.750     -.4727487E-02
  25.760     -.4739115E-02
  25.770     -.4790738E-02
  25.780     -.4836805E-02
  25.790     -.4304413E-02
  25.800     -.2173842E-02
  25.810     -.1963652E-03
  25.820      .2197623E-03
  25.830      .2330989E-02
  25.840      .4895744E-02
  25.850      .6842856E-02
  25.860      .8687211E-02
  25.870      .1012751E-01
  25.880      .1220914E-01
  25.890      .1344376E-01
  25.900      .1333363E-01
  25.910      .1315234E-01
  25.920      .1314027E-01
  25.930      .1304872E-01
  25.940      .1352452E-01
  25.950      .1633439E-01
  25.960      .1813950E-01
  25.970      .1772765E-01
  25.980      .1543549E-01
  25.990      .1285377E-01
  26.000      .1258043E-01
  26.010      .1299069E-01
  26.020      .1293080E-01
  26.030      .1277431E-01
  26.040      .1277535E-01
  26.050      .1280026E-01
  26.060      .1279050E-01
  26.070      .1273680E-01
  26.080      .1257283E-01
  26.090      .1159254E-01
  26.100      .9255470E-02
  26.110      .7492911E-02
  26.120      .6036739E-02
  26.130      .4689629E-02
  26.140      .3791420E-02
  26.150      .3343653E-02
  26.160      .3322770E-02
  26.170      .3342861E-02
  26.180      .3195749E-02
  26.190      .2380298E-02
  26.200      .8295361E-04
  26.210     -.1618136E-02
  26.220     -.1890129E-02
  26.230     -.3525363E-02
  26.240     -.5955039E-02
  26.250     -.6489944E-02
  26.260     -.6125771E-02
  26.270     -.6120233E-02
  26.280     -.6328862E-02
  26.290     -.6416518E-02
  26.300     -.7085883E-02
  26.310     -.8511283E-02
  26.320     -.8737686E-02
  26.330     -.7600659E-02
  26.340     -.8382545E-02
  26.350     -.1075582E-01
  26.360     -.1153653E-01
  26.370     -.1313277E-01
  26.380     -.1580984E-01
  26.390     -.1628557E-01
  26.400     -.1583873E-01
  26.410     -.1585801E-01
  26.420     -.1670450E-01
  26.430     -.1805697E-01
  26.440     -.1840167E-01
  26.450     -.1820587E-01
  26.460     -.1818392E-01
  26.470     -.1826677E-01
  26.480     -.1914953E-01
  26.490     -.2164422E-01
  26.500     -.2336976E-01
  26.510     -.2379778E-01
  26.520     -.2623393E-01
  26.530     -.2868305E-01
  26.540     -.3076786E-01
  26.550     -.3227136E-01
  26.560     -.3142194E-01
  26.570     -.3003482E-01
  26.580     -.2959420E-01
  26.590     -.2847626E-01
  26.600     -.2708150E-01
  26.610     -.2569428E-01
  26.620     -.2440074E-01
  26.630     -.2319272E-01
  26.640     -.2147804E-01
  26.650     -.1927485E-01
  26.660     -.1857050E-01
  26.670     -.1806909E-01
  26.680     -.1670947E-01
  26.690     -.1523297E-01
  26.700     -.1404268E-01
  26.710     -.1223012E-01
  26.720     -.1075678E-01
  26.730     -.1250440E-01
  26.740     -.1461462E-01
  26.750     -.1406306E-01
  26.760     -.1254197E-01
  26.770     -.1135441E-01
  26.780     -.1107276E-01
  26.790     -.1006395E-01
  26.800     -.8717779E-02
  26.810     -.7370092E-02
  26.820     -.6774612E-02
  26.830     -.5205195E-02
  26.840     -.2708451E-02
  26.850     -.1841529E-02
  26.860      .5672449E-03
  26.870      .4260371E-02
  26.880      .7082077E-02
  26.890      .9373361E-02
  26.900      .1107105E-01
  26.910      .1336241E-01
  26.920      .1544693E-01
  26.930      .1543120E-01
  26.940      .1435783E-01
  26.950      .1216601E-01
  26.960      .1017538E-01
  26.970      .7652632E-02
  26.980      .5228773E-02
  26.990      .3669612E-02
  27.000      .2482027E-02
  27.010      .6035307E-03
  27.020      .9098297E-04
  27.030     -.1098637E-02
  27.040     -.3515692E-02
  27.050     -.5089137E-02
  27.060     -.6970192E-02
  27.070     -.1058544E-01
  27.080     -.1360400E-01
  27.090     -.1379393E-01
  27.100     -.1330972E-01
  27.110     -.1329728E-01
  27.120     -.1263360E-01
  27.130     -.1027894E-01
  27.140     -.8526719E-02
  27.150     -.8473030E-02
  27.160     -.8349000E-02
  27.170     -.6914120E-02
  27.180     -.5434489E-02
  27.190     -.4138699E-02
  27.200     -.3498108E-02
  27.210     -.1218002E-02
  27.220      .1160418E-02
  27.230      .2555706E-02
  27.240      .3644516E-02
  27.250      .4196685E-02
  27.260      .4226345E-02
  27.270      .5019259E-02
  27.280      .5253800E-02
  27.290      .5087649E-02
  27.300      .4429322E-02
  27.310      .3034768E-02
  27.320      .2427082E-02
  27.330      .1417600E-02
  27.340      .4866662E-03
  27.350      .1009035E-02
  27.360      .3222294E-02
  27.370      .5262886E-02
  27.380      .7476058E-02
  27.390      .9990241E-02
  27.400      .1266296E-01
  27.410      .1392772E-01
  27.420      .1435225E-01
  27.430      .1539753E-01
  27.440      .1571945E-01
  27.450      .1543205E-01
  27.460      .1526828E-01
  27.470      .1519672E-01
  27.480      .1518615E-01
  27.490      .1606646E-01
  27.500      .1727349E-01
  27.510      .1835601E-01
  27.520      .1882316E-01
  27.530      .1853459E-01
  27.540      .1737004E-01
  27.550      .1569781E-01
  27.560      .1303354E-01
  27.570      .1122297E-01
  27.580      .1060629E-01
  27.590      .9448682E-02
  27.600      .8873179E-02
  27.610      .8930608E-02
  27.620      .8863190E-02
  27.630      .8151734E-02
  27.640      .6641798E-02
  27.650      .5203978E-02
  27.660      .4153340E-02
  27.670      .4032604E-02
  27.680      .4041415E-02
  27.690      .3903329E-02
  27.700      .3725419E-02
  27.710      .2799767E-02
  27.720      .1507167E-02
  27.730     -.2460355E-03
  27.740     -.2197360E-02
  27.750     -.2630592E-02
  27.760     -.2242746E-02
  27.770     -.9811763E-03
  27.780      .1005232E-02
  27.790      .2175893E-02
  27.800      .3084587E-02
  27.810      .4084889E-02
  27.820      .4989065E-02
  27.830      .5281598E-02
  27.840      .6127202E-02
  27.850      .6144725E-02
  27.860      .4695488E-02
  27.870      .3094565E-02
  27.880     -.4475467E-04
  27.890     -.4241379E-02
  27.900     -.6661193E-02
  27.910     -.6763438E-02
  27.920     -.6373777E-02
  27.930     -.5387518E-02
  27.940     -.3275438E-02
  27.950     -.1018664E-02
  27.960      .1086971E-03
  27.970     -.1360303E-02
  27.980     -.3680997E-02
  27.990     -.4665395E-02
  28.000     -.3934087E-02
  28.010     -.9423091E-03
  28.020      .2732543E-02
  28.030      .6141527E-02
  28.040      .9617627E-02
  28.050      .1055583E-01
  28.060      .9051113E-02
  28.070      .7617464E-02
  28.080      .6598164E-02
  28.090      .6183176E-02
  28.100      .6101974E-02
  28.110      .6113545E-02
  28.120      .6890648E-02
  28.130      .7359623E-02
  28.140      .7045016E-02
  28.150      .6079339E-02
  28.160      .5031286E-02
  28.170      .4594361E-02
  28.180      .3384012E-02
  28.190      .1749989E-02
  28.200      .7107018E-03
  28.210     -.6977754E-03
  28.220     -.1625837E-02
  28.230     -.1857734E-02
  28.240     -.2676226E-02
  28.250     -.3675927E-02
  28.260     -.5062641E-02
  28.270     -.6551938E-02
  28.280     -.7571452E-02
  28.290     -.9006725E-02
  28.300     -.9560222E-02
  28.310     -.8139604E-02
  28.320     -.6301024E-02
  28.330     -.5960892E-02
  28.340     -.6085184E-02
  28.350     -.5904839E-02
  28.360     -.5668993E-02
  28.370     -.5006662E-02
  28.380     -.3550042E-02
  28.390     -.2373310E-02
  28.400     -.8462489E-03
  28.410      .3075288E-03
  28.420      .1341035E-02
  28.430      .2751860E-02
  28.440      .4077507E-02
  28.450      .4797812E-02
  28.460      .5961932E-02
  28.470      .7217194E-02
  28.480      .8342833E-02
  28.490      .8562331E-02
  28.500      .9144784E-02
  28.510      .1022687E-01
  28.520      .1129497E-01
  28.530      .1161771E-01
  28.540      .1112781E-01
  28.550      .1058683E-01
  28.560      .9662393E-02
  28.570      .8022634E-02
  28.580      .6373066E-02
  28.590      .5161470E-02
  28.600      .4350884E-02
  28.610      .3158380E-02
  28.620      .1719609E-02
  28.630      .5259694E-03
  28.640     -.8530928E-04
  28.650     -.6510323E-03
  28.660     -.9978868E-03
  28.670     -.9975143E-03
  28.680     -.6217620E-03
  28.690     -.1734075E-03
  28.700      .2370095E-03
  28.710      .5888138E-03
  28.720      .1199354E-02
  28.730      .2010257E-02
  28.740      .2334280E-02
  28.750      .2158862E-02
  28.760      .2291116E-02
  28.770      .2373748E-02
  28.780      .1877662E-02
  28.790      .1094294E-02
  28.800      .3992262E-03
  28.810     -.4212150E-03
  28.820     -.9817207E-03
  28.830     -.1458388E-02
  28.840     -.1737316E-02
  28.850     -.2047333E-02
  28.860     -.2441354E-02
  28.870     -.2551932E-02
  28.880     -.2546861E-02
  28.890     -.2602104E-02
  28.900     -.2647803E-02
  28.910     -.2446717E-02
  28.920     -.2172939E-02
  28.930     -.2211316E-02
  28.940     -.2332707E-02
  28.950     -.2384636E-02
  28.960     -.2418090E-02
  28.970     -.2466678E-02
  28.980     -.2516935E-02
  28.990     -.2561031E-02
  29.000     -.2599316E-02
  29.010     -.2746638E-02
  29.020     -.3024397E-02
  29.030     -.3108930E-02
  29.040     -.3070436E-02
  29.050     -.3164649E-02
  29.060     -.3582112E-02
  29.070     -.3858256E-02
  29.080     -.3957738E-02
  29.090     -.4036821E-02
  29.100     -.4109633E-02
  29.110     -.4232576E-02
  29.120     -.4371824E-02
  29.130     -.4469572E-02
  29.140     -.4580379E-02
  29.150     -.4496565E-02
  29.160     -.4531194E-02
  29.170     -.4566127E-02
  29.180     -.4483846E-02
  29.190     -.4283898E-02
  29.200     -.4036754E-02
  29.210     -.3721871E-02
  29.220     -.3409611E-02
  29.230     -.3081658E-02
  29.240     -.2766373E-02
  29.250     -.2529413E-02
  29.260     -.2324437E-02
  29.270     -.2173293E-02
  29.280     -.1989364E-02
  29.290     -.1804537E-02
  29.300     -.1631386E-02
  29.310     -.1478790E-02
  29.320     -.1347177E-02
  29.330     -.1259702E-02
  29.340     -.1144896E-02
  29.350     -.1032569E-02
  29.360     -.9308558E-03
  29.370     -.8389237E-03
  29.380     -.7275702E-03
  29.390     -.6588847E-03
  29.400     -.6426119E-03
  29.410     -.6431144E-03
  29.420     -.6533826E-03
  29.430     -.6329082E-03
  29.440     -.5745764E-03
  29.450     -.5183584E-03
  29.460     -.4692661E-03
  29.470     -.4387314E-03
  29.480     -.4109884E-03
  29.490     -.3611372E-03
  29.500     -.3274903E-03
  29.510     -.3174140E-03
  29.520     -.2955310E-03
  29.530     -.2786111E-03
  29.540     -.2654785E-03
  29.550     -.2492220E-03
  29.560     -.2522204E-03
  29.570     -.2552220E-03
  29.580     -.2449241E-03
  29.590     -.2408988E-03
  29.600     -.2440561E-03
  29.610     -.2299073E-03
  29.620     -.2131378E-03
  29.630     -.1944168E-03
  29.640     -.1667735E-03
  29.650     -.1424956E-03
  29.660     -.1256649E-03
  29.670     -.1077586E-03
  29.680     -.8216084E-04
  29.690     -.5655743E-04
  29.700     -.3309222E-04
  29.710     -.1089439E-04
  29.720      .1063112E-04
  29.730      .3031029E-04
  29.740      .4967252E-04
  29.750      .6904906E-04
  29.760      .8810953E-04
  29.770      .1082413E-03
  29.780      .1288941E-03
  29.790      .1489918E-03
  29.800      .1691248E-03
  29.810      .1892456E-03
  29.820      .2095075E-03
  29.830      .2300604E-03
  29.840      .2503994E-03
  29.850      .2703171E-03
  29.860      .2898822E-03
  29.870      .3090787E-03
  29.880      .3278984E-03
  29.890      .3464453E-03
  29.900      .3646905E-03
  29.910      .3825498E-03
  29.920      .4000209E-03
  29.930      .4171293E-03
  29.940      .4338660E-03
  29.950      .4502290E-03
  29.960      .4662240E-03
  29.970      .4818542E-03
  29.980      .4971213E-03
  29.990      .5120255E-03
